0 10 3e-06 2e-06 4e-06
0 100 1e-06 3e-06 2e-06
0 1000 2e-06 1e-06 5e-06
0 10000 1.6e-05 2e-06 2.1e-05
0 100000 6.1e-05 0 0.000188
0 1000000 0.001012 0 0.001881
0 10000000 0.013644 0 0.021008
0 100000000 0.108073 1e-06 0.160707
0 1000000000 1.41991 1e-06 5.73392
1 10 0.002719 6.8e-05 6.2e-05
1 100 3.2e-05 5.4e-05 5.9e-05
1 1000 7.1e-05 7.2e-05 6.8e-05
1 10000 2.7e-05 9.1e-05 8.4e-05
1 100000 3.9e-05 5.7e-05 0.000148
1 1000000 0.000918 0.000951 0.001097
1 10000000 0.00461 0.000654 0.023073
1 100000000 0.212414 0.220867 0.253136
1 1000000000 0.116693 0.096814 2.44583
2 1000000000 1.107 0.981565 2.10932 2
2 1000000000 1.58478 1.68698 2.11685 3
2 1000000000 0.451667 0.190175 2.12323 4
2 1000000000 2.94733 0.818724 2.32943 5
2 1000000000 2.23744 2.18273 2.3202 6
2 1000000000 1.67917 1.4694 2.97541 7
2 1000000000 0.03803 0.025273 2.47352 8
