0 10 2e-06 1e-06 2e-06
0 100 2e-06 0 1e-06
0 1000 1e-06 1e-06 3e-06
0 10000 1e-05 2e-06 1.5e-05
0 100000 0.000146 1e-06 0.000149
0 1000000 0.000666 1e-06 0.002573
0 10000000 0.016502 1e-06 0.017225
0 100000000 0.016604 3e-06 0.218926
0 1000000000 0.775913 3e-06 6.52296
1 10 0.001111 5.5e-05 6.2e-05
1 100 3.3e-05 5.4e-05 6.3e-05
1 1000 5.4e-05 6.4e-05 5.6e-05
1 10000 7.5e-05 6.4e-05 8.6e-05
1 100000 5.7e-05 0.000207 0.000175
1 1000000 0.00024 0.000999 0.002332
1 10000000 0.004273 0.005415 0.019059
1 100000000 0.186079 0.166793 0.23323
1 1000000000 0.406897 2.76998 2.41656
2 1000000000 2.00036 0.887127 2.09678 2
2 1000000000 1.14224 1.07755 2.14968 3
2 1000000000 0.279752 0.446706 2.56556 4
2 1000000000 0.50552 0.546678 2.46906 5
2 1000000000 1.90782 2.42957 2.38351 6
2 1000000000 1.92703 3.63192 2.68153 7
2 1000000000 1.0468 1.05811 2.46464 8
