0 10 2e-06 2e-06 2e-06
0 100 4e-06 3e-06 2e-06
0 1000 4e-06 2e-06 6e-06
0 10000 4e-06 1e-06 2.4e-05
0 100000 4.7e-05 2e-06 0.000194
0 1000000 0.000244 1e-06 0.001822
0 10000000 0.011549 2e-06 0.015889
0 100000000 0.023623 0 0.170835
0 1000000000 2.167 2e-06 5.13632
1 10 0.001068 5.7e-05 6e-05
1 100 2.8e-05 7e-05 6.6e-05
1 1000 4.4e-05 0.000102 7.8e-05
1 10000 3.1e-05 8.4e-05 5e-05
1 100000 0.000167 0.000282 0.000194
1 1000000 0.000871 0.000806 0.001667
1 10000000 0.011295 0.011175 0.025382
1 100000000 0.095571 0.070699 0.246957
1 1000000000 1.50475 0.922449 2.20644
2 1000000000 0.257216 0.298872 3.49405 2
2 1000000000 1.48496 1.21251 2.14716 3
2 1000000000 1.99747 1.8975 2.11862 4
2 1000000000 0.71811 0.657591 2.2724 5
2 1000000000 0.421745 0.444199 2.3451 6
2 1000000000 0.722969 0.70733 2.44786 7
2 1000000000 1.74417 1.71749 2.43985 8
